EJEMPLO; 10,8;
EL; 7,31,17,16,27,24,10,30,4,11,20,19,9,6,5,29,26,25,14,3;
ELECTRÓNICO; 24,17,16,4;
ELEMENTO; 8,10,30,27,14,12;
ELEMENTOS; 30,8,23,10,3,31,28,27,22,2;
ELIMINA; 30,29,27,26,25,24,20,17;
ELIMINAR; 27,30,29,26,25,24,20,17,31;
ELIMINARLAS; 29,26,25;
ELIMINARLOS; 31,30,27,24,20,17;
ELLAS; 20;
EN; 27,28,20,12,10,31,30,29,26,25,24,23,17,19,15,8,7,22,18,16,14,13,11,9,6,5,4,3,2;
ENCONTRADOS; 12;
ENCONTRAR; 31,30,29,26,25,24,20,17,11,10,9,7,6,5,4,27,19,16,14,13;
ENTERO; 31,11;
ENTRE; 11,7;
EQUIPO; 7;
ES; 31,8,30,4,3;
ESPECIALIZADA; 12;
ESTE; 8,10,7;
ESTRUCTURA; 8;
ESTÁ; 31;
ESTÁN; 12;
